88
35
68
15
67
55
91
21
84
111
90
117
74
26
96
69
39
111
50
103
112
9
6
97
7
18
42
21
49
98
28
23
9
84
25
18
33
30
90
49
80
26
127
19
101
72
92
63
23
72
48
30
104
13
29
78
28
98
8
48
12
70
99
114
83
66
108
117
1
78
35
9
21
1
23
85
9
115
123
62
54
106
125
105
50
126
46
123
55
74
117
62
21
41
37
9
54
13
64
35
92
102
62
73
36
38
8
103
117
71
69
41
102
74
122
33
72
121
64
84
20
112
62
54
89
100
115
108
91
14
30
124
50
88
97
79
44
52
69
11
118
70
6
111
5
75
88
75
46
3
64
61
76
107
14
108
39
8
112
63
51
28
11
103
41
72
118
14
104
43
117
20
52
53
94
77
106
79
48
13
12
40
61
88
77
97
47
70
73
117
39
35
67
6
88
89
58
31
70
60
84
73
99
2
14
44
8
23
13
64
1
88
87
98
50
11
94
51
26
71
25
48
68
114
4
81
80
46
92
4
18
74
9
116
56
66
68
58
74
32
88
23
57
8
115
79
76
97
83
77
123
7
5
126
35
36
5
113
126
60
91
90
58
8
46
54
78
99
41
111
70
35
105
121
111
1
118
59
126
52
5
111
90
15
9
11
69
11
80
20
61
83
59
13
69
125
92
48
90
60
0
104
55
100
6
87
30
12
15
34
45
73
114
74
54
108
0
43
127
35
113
67
19
21
49
115
103
91
51
113
36
70
97
65
52
28
56
118
9
49
108
57
123
46
102
115
96
113
87
88
125
49
48
55
75
60
85
33
50
19
112
67
88
30
125
102
104
48
21
25
52
10
34
78
54
55
71
100
46
61
18
118
3
90
115
114
22
41
117
119
71
22
67
117
64
41
97
93
48
127
11
47
92
61
36
115
15
97
1
20
116
112
114
116
0
122
63
125
42
10
80
63
58
29
82
29
70
44
13
13
85
106
52
47
50
99
25
70
54
127
99
52
40
97
2
86
35
79
117
70
105
99
50
37
47
76
116
62
106
6
45
99
83
116
62
10
60
67
66
29
96
120
71
43
39
28
22
89
27
124
122
119
54
71
35
114
55
14
127
102
110
91
92
47
82
0
97
52
35
119
26
95
12
88
102
113
28
7
126
18
53
27
34
110
12
53
44
12
80
76
83
45
67
92
46
4
28
24
88
39
59
98
54
35
98
26
106
94
96
49
85
47
16
109
48
83
57
109
35
29
83
84
99
86
36
108
27
48
41
98
84
4
47
87
87
83
100
127
12
113
75
78
44
31
118
35
29
86
43
91
75
46
116
58
83
102
127
95
126
117
127
57
53
125
93
81
0
56
21
93
110
57
97
49
81
4
40
68
96
0
78
69
5
77
23
37
15
116
3
113
83
5
0
22
114
17
25
46
65
36
35
100
65
78
109
17
77
67
105
78
62
59
126
125
39
57
52
103
102
55
66
11
53
36
9
104
56
75
63
63
107
122
2
59
93
106
3
54
96
5
88
76
11
52
50
24
6
2
111
56
93
49
71
10
98
23
46
29
69
4
88
2
4
41
99
68
56
66
32
61
54
125
7
96
95
118
0
1
113
112
97
54
92
6
98
57
50
120
89
69
59
102
113
91
45
85
71
98
81
110
96
67
98
49
2
95
42
102
42
108
23
45
43
84
35
34
38
125
70
41
17
64
105
90
1
80
12
43
51
9
46
29
48
2
16
29
83
42
4
2
14
76
77
109
45
13
58
28
56
10
47
74
27
39
93
31
90
7
48
49
83
127
51
32
61
122
125
41
68
5
79
124
120
67
26
69
114
124
45
116
21
112
115
40
90
100
1
8
37
112
67
75
122
82
47
15
24
45
47
51
16
17
87
50
59
51
81
87
12
23
45
94
90
59
28
98
11
10
69
89
120
116
3
84
66
3
2
38
20
11
44
69
76
122
100
4
24
64
109
39
18
42
124
13
67
100
113
62
54
76
3
14
103
85
58
27
13
3
112
56
49
42
67
1
107
104
17
96
87
23
73
75
28
30
70
78
120
118
17
93
17
67
111
71
7
29
93
118
63
72
119
21
80
52
118
103
102
123
34
91
83
17
102
30
2
56
113
73
15
108
35
23
113
19
39
109
59
123
121
77
10
26
33
15
32
51
122
104
40
95
103
124
83
53
10
127
93
80
68
78
43
20
103
82
36
95
35
60
13
9
44
107
1
84
80
56
112
87
126
79
61
9
32
48
5
38
67
60
8
39
